# Header:
# - phase matrix moments 
# - format: a1k  a2k  a3k  a4k  b1k  b2k
# - note: (2k+1) included
# - average scattering cosine: a1k[k=1]/(2k+1)
# - reference: ~
# -
#
       1.0000000   0.0000000   0.0000000   0.9065620   0.0000000   0.0000000
       2.0849110   0.0000000   0.0000000   2.1517430   0.0000000   0.0000000
       2.4591340   3.8563460   3.6431760   2.4127780   0.0317760   0.0250480
       2.2347520   2.8523350   2.8378760   2.2775540   0.0252320   0.1948280
       1.8730980   2.3813670   2.3023900   1.8624780  -0.0172560   0.1320180
       1.4929560   1.7316790   1.7047840   1.5095700   0.0029030   0.1784230
       1.1647250   1.3662470   1.3252900   1.1624430  -0.0217340   0.1347900
       0.8819760   0.9879370   0.9674820   0.8894110  -0.0027230   0.1196170
       0.6891720   0.7682800   0.7435940   0.6870080  -0.0160750   0.1009870
       0.5060160   0.5587520   0.5465020   0.5095810  -0.0031580   0.0749550
       0.4022470   0.4340730   0.4191110   0.3995530  -0.0099380   0.0666440
       0.2897420   0.3165340   0.3097450   0.2915080  -0.0027970   0.0458900
       0.2329800   0.2471750   0.2379000   0.2304960  -0.0055780   0.0420730
       0.1654270   0.1789260   0.1753030   0.1666260  -0.0021550   0.0276790
       0.1332900   0.1404150   0.1344920   0.1312330  -0.0029860   0.0261820
       0.0931270   0.0998510   0.0979610   0.0939250  -0.0015320   0.0165310
       0.0744440   0.0782200   0.0744610   0.0728290  -0.0015220   0.0161060
       0.0506820   0.0540240   0.0530480   0.0511590  -0.0009890   0.0097520
       0.0398000   0.0418020   0.0394550   0.0386160  -0.0006700   0.0096890
       0.0259830   0.0276360   0.0271160   0.0262320  -0.0005400   0.0055690
       0.0199290   0.0209390   0.0195010   0.0190990  -0.0001860   0.0055280
       0.0122740   0.0130610   0.0127950   0.0123980  -0.0002710   0.0029220
       0.0092570   0.0097230   0.0088630   0.0086930  -0.0000090   0.0028990
       0.0053120   0.0056610   0.0055440   0.0053730  -0.0001600   0.0013500
       0.0040150   0.0042050   0.0037340   0.0036740   0.0000120   0.0013720
       0.0021200   0.0022670   0.0022330   0.0021600  -0.0001270   0.0005520
       0.0016380   0.0017080   0.0014730   0.0014560  -0.0000030   0.0006190
       0.0007640   0.0008230   0.0008180   0.0007860  -0.0000820   0.0002070
       0.0006020   0.0006250   0.0005100   0.0005050   0.0000040   0.0002710
       0.0002110   0.0002330   0.0002410   0.0002270  -0.0000300   0.0000570
       0.0001780   0.0001850   0.0001290   0.0001270   0.0000110   0.0000950
       0.0000330   0.0000380   0.0000490   0.0000460  -0.0000080  -0.0000010
       0.0000370   0.0000390   0.0000220   0.0000210   0.0000000   0.0000230
       0.0000040   0.0000040   0.0000070   0.0000060   0.0000000  -0.0000010
       0.0000050   0.0000050   0.0000020   0.0000020   0.0000000   0.0000030
       0.0000000   0.0000000   0.0000010   0.0000010   0.0000000   0.0000000